# Created by Octave 9.3.0, Fri Feb 13 09:56:15 2026 GMT <unknown@GiulianoCDAMRC>
# name: SLD
# type: scalar struct
# ndims: 2
 1 1
# length: 14
# name: p_xyz
# type: matrix
# rows: 9
# columns: 3
 2.6000000000000001 0 0.20000000000000001
 2.3999999999999999 0 0.20000000000000001
 2.2000000000000002 0 0.20000000000000001
 2 0 0.20000000000000001
 1.8 0 0.20000000000000001
 1.6000000000000001 0 0.20000000000000001
 1.3999999999999999 0 0.20000000000000001
 1.2 0 0.20000000000000001
 1 0 0.20000000000000001


# name: xpos
# type: matrix
# rows: 9
# columns: 1
 2.6000000000000001
 2.3999999999999999
 2.2000000000000002
 2
 1.8
 1.6000000000000001
 1.3999999999999999
 1.2
 1


# name: DomModeX
# type: matrix
# rows: 9
# columns: 1
 1
 1
 3
 3
 3
 3
 3
 3
 3


# name: DomModeY
# type: matrix
# rows: 9
# columns: 1
 2
 2
 2
 2
 2
 2
 2
 2
 2


# name: wn_domX_rad
# type: matrix
# rows: 9
# columns: 1
 13.966617708970624
 14.179048194124732
 69.509148457833874
 67.473267649197908
 65.779305960033241
 64.457287937530879
 63.539282887655673
 63.092295736859988
 63.265201921942584


# name: wn_domY_rad
# type: matrix
# rows: 9
# columns: 1
 23.101093715256042
 23.99749442018631
 25.002709363388373
 26.058479630070419
 27.098775925838858
 28.02271522754825
 28.669329966691176
 28.80105831296266
 28.16369388419329


# name: fn_domX_Hz
# type: matrix
# rows: 9
# columns: 1
 2.2228562466574773
 2.2566656084331633
 11.062724567172655
 10.738704072932316
 10.469101696693462
 10.258695993555639
 10.112590952084679
 10.041450737536982
 10.068969611584039


# name: fn_domY_Hz
# type: matrix
# rows: 9
# columns: 1
 3.6766532556121163
 3.8193198587928281
 3.9793047858732753
 4.1473358425851714
 4.3129041403369071
 4.4599536473208312
 4.5628655793315041
 4.5838307967859313
 4.4823910973963441


# name: zeta_domX
# type: matrix
# rows: 9
# columns: 1
 0.0034200571501800214
 0.0034839595629297215
 0.001237856365881507
 0.0011553106080427736
 0.0010777429812424207
 0.0010065981733155815
 0.00094236801209321821
 0.00088527571813667809
 0.00083596283269404316


# name: zeta_domY
# type: matrix
# rows: 9
# columns: 1
 0.00016405210549580622
 0.00017035939725724367
 0.00017753199912097379
 0.00018513435439457889
 0.00019267870903860691
 0.00019941457056518445
 0.00020413802362858415
 0.00020508035995278902
 0.00020038687688590684


# name: k_modal_X
# type: matrix
# rows: 9
# columns: 1
 1465828.2550902029
 1398656.4609280801
 1127016.5400213909
 944396.7904022655
 832668.94989868556
 765527.14644764259
 735051.97832813533
 749695.60137126467
 857152.73880236829


# name: k_modal_Y
# type: matrix
# rows: 9
# columns: 1
 208961.14962729072
 244850.32815745517
 290821.75912972173
 351072.95019308594
 432258.58735849318
 545478.91209003027
 710446.72928337252
 965052.07341776951
 1389812.3099485037


# name: Kx_static
# type: matrix
# rows: 9
# columns: 1
 3190275.7776240176
 1975013.964747794
 1454242.5758524835
 1162946.5388135342
 973098.10891501256
 834447.24085643631
 723551.09040738759
 633658.74435300054
 590893.85350219265


# name: Ky_static
# type: matrix
# rows: 9
# columns: 1
 205042.6055235083
 238456.72978637656
 280792.17145057587
 335461.39215603343
 407742.99876006722
 506205.07519365952
 645796.18253681902
 855730.05089428078
 1204457.1147921542




